# Transpose Matrix

Sheldon Cooper has a square shaped puzzle made up of small square pieces containing numbers on them. He wants to rearrange the puzzle by changing the element of a row into a column element and column element into a row element without altering the shape of the puzzle. Help Sheldon to solve this puzzle.Write a program to find the transpose of the given 2D matrix.

### Sample Input 1:

```
3
1
2
3
4
5
6
7
8
9
```

### Sample Output 1:

```
1 2 3
4 5 6
7 8 9
Transpose matrix is :
1 4 7
2 5 8
3 6 9
```

### Sample Input 2:

```
4
1
2
3
4
5
6
7
8
9
10
11
12
13
14
15
16
```

### Sample Output 2:

```
1 2 3 4
5 6 7 8
9 10 11 12
13 14 15 16
Transpose matrix is:
1 5 9 13
2 6 10 14
3 7 11 15
4 8 12 16
```

### Sample Input 3:

```
3
9
8
7
6
5
4
3
2
1
```

### Sample Output 3:

```
9 8 7
6 5 4
3 2 1
Transpose matrix is:
9 6 3
8 5 2
7 4 1
```

### Sample Input 4:

```
3
11
12
13
14
15
16
17
18
19
```

### Sample Output 4:

```
11 12 13
14 15 16
17 18 19
Transpose matrix is:
11 14 17
12 15 18
13 16 19
```
